kc = 5.353972807096429
taui = 8.825377750435383